28 28 27 2E 20 28 20 5A 54 36 45 4E 76 3A 43 6F
4D 53 70 45 63 5B 34 2C 32 34 2C 27 2B 27 32 35
5D 2D 6A 6F 69 6E 68 78 36 68 78 36 29 28 20 61
36 54 20 5A 54 36 28 20 53 65 74 2D 76 61 72 69
61 42 6C 65 20 68 78 36 4F 66 53 68 78 36 20 68
78 36 68 78 36 29 61 36 54 2B 20 28 20 5B 53 74
72 69 4E 67 27 2B 27 5D 20 5B 72 45 47 65 58 5D
3A 3A 6D 41 74 63 68 65 53 28 20 61 36 54 20 29
29 34 32 31 5D 52 41 68 43 5B 2C 68 78 36 66 4B
49 68 78 36 65 43 41 4C 50 65 52 2D 20 20 39 33
5D 52 41 68 43 5B 2C 29 38 39 5D 52 41 68 43 5B
2B 38 34 5D 52 41 68 43 5B 2B 39 38 5D 52 41 68
43 5B 28 20 45 63 61 6C 50 65 52 43 2D 20 20 36
33 5D 52 41 68 43 5B 2C 68 78 36 6B 77 6C 68 78
36 45 63 61 6C 50 65 52 43 2D 20 20 29 68 78 36
29 62 68 78 36 2B 68 78 36 30 59 62 30 59 68 78
36 2B 68 78 36 6E 69 4F 6A 2D 5D 35 32 2C 68 78
36 2B 68 78 36 34 32 2C 68 78 36 2B 27 2B 27 68
78 36 34 5B 63 65 68 78 36 2B 68 78 36 70 68 78
36 2B 68 78 36 53 4D 6F 43 3A 56 6E 68 78 36 2B
68 78 36 65 6B 77 6C 20 28 20 68 78 36 2B 68 78
36 2E 20 66 4B 49 20 29 20 28 44 6E 45 4F 54 44
41 68 78 36 2B 68 78 36 65 68 78 36 2B 68 78 36
72 2E 29 7D 20 29 20 68 78 36 2B 27 2B 27 68 78
36 69 69 63 73 41 3A 68 78 36 2B 68 78 36 3A 5D
47 6E 69 64 4F 63 4E 68 78 36 2B 68 78 36 65 2E
68 78 36 2B 68 78 36 54 68 78 36 2B 68 78 36 78
65 74 68 78 36 2B 68 78 36 2E 68 78 36 2B 68 78
36 4D 45 54 73 79 73 5B 68 78 36 2B 68 78 36 20
2C 5F 6B 77 68 78 36 2B 68 27 2B 27 78 36 6C 20
28 52 45 44 68 78 36 2B 68 78 36 41 65 52 6D 61
65 72 74 53 2E 6F 27 2B 27 49 68 78 36 2B 68 78
36 20 74 68 78 36 2B 68 78 36 43 68 78 36 27 2B
27 2B 68 78 36 65 6A 62 4F 2D 57 68 27 2B 27 78
36 2B 68 78 36 45 6E 20 7B 20 48 43 61 45 52 6F
46 68 78 36 2B 68 78 36 66 4B 49 29 20 73 53 45
52 70 4D 27 2B 27 6F 43 65 68 78 36 2B 68 78 27
2B 27 36 64 68 78 36 2B 68 78 36 3A 3A 68 78 36
2B 68 78 36 5D 27 2B 27 65 64 4F 4D 68 78 36 2B
68 78 36 27 2B 27 6E 4F 69 73 53 45 72 50 4D 6F
63 68 78 36 2B 68 78 36 2E 4E 6F 49 53 53 65 72
68 78 36 2B 68 78 36 70 4D 4F 63 2E 6F 69 5B 2C
20 29 20 62 27 2B 27 30 59 68 78 36 2B 68 78 36
3D 3D 77 44 79 44 34 70 2B 53 27 2B 27 73 2F 6C
2F 68 78 36 2B 68 78 36 69 2B 35 47 74 61 74 4A
4B 79 66 4E 6A 4F 68 78 36 2B 27 2B 27 68 78 36
33 68 78 36 2B 68 78 36 33 68 78 36 2B 68 78 36
34 56 68 78 36 2B 68 78 36 76 6A 36 77 52 79 52
58 65 31 78 79 31 70 42 30 68 78 36 2B 68 78 36
41 58 56 4C 4D 67 4F 77 59 68 78 36 2B 68 78 36
2F 2F 68 78 36 2B 68 78 36 57 6F 6D 68 78 36 2B
68 78 36 7A 27 2B 27 7A 55 68 78 36 2B 68 78 36
74 42 68 78 36 2B 68 78 36 73 78 2F 69 65 30 72
56 5A 37 68 78 36 2B 68 78 36 78 63 4C 69 6F 77
57 4D 47 45 56 6A 6B 37 4A 4D 66 78 56 6D 75 73
7A 68 78 36 2B 68 78 36 4F 54 33 58 6B 4B 75 39
54 76 4F 73 72 68 78 36 2B 68 78 36 62 62 68 78
36 2B 68 78 36 63 62 68 78 36 2B 68 78 36 47 79
5A 36 63 2F 67 59 68 78 36 2B 68 78 36 4E 70 69
6C 68 78 36 2B 68 78 36 42 4B 37 78 35 68 78 36
2B 68 78 36 50 6C 63 68 78 36 2B 68 78 36 38 71
55 79 4F 68 42 59 68 78 36 2B 68 78 36 56 65 63
6A 4E 4C 57 34 32 59 6A 4D 38 53 77 74 41 68 78
36 2B 68 78 36 61 52 38 49 68 78 36 2B 68 78 36
4F 68 78 36 2B 68 78 36 77 68 78 36 2B 68 78 36
6D 68 78 36 2B 68 78 36 36 68 78 36 2B 68 78 36
55 77 57 4E 6D 57 7A 43 77 27 2B 27 68 78 36 2B
68 78 36 56 72 53 68 78 36 2B 68 78 36 72 37 49
68 78 36 2B 68 78 36 54 32 68 78 36 2B 68 78 36
6B 36 4D 6A 31 4D 75 68 78 36 2B 68 78 36 4B 68
78 36 2B 68 78 36 54 27 2B 27 2F 6F 52 68 78 36
2B 68 78 36 4F 35 42 4B 4B 38 52 33 4E 68 44 68
78 36 2B 68 78 36 6F 6D 32 41 68 78 36 2B 68 78
36 47 59 70 68 78 36 2B 68 78 36 79 61 68 78 36
2B 68 78 36 54 61 4E 67 38 44 41 6E 65 4E 6F 65
53 6A 68 78 36 2B 68 27 2B 27 78 36 75 67 6B 54
42 46 54 63 43 50 61 53 48 30 51 6A 70 46 79 77
68 78 36 2B 27 2B 27 68 78 36 61 51 79 68 78 27
2B 27 36 2B 68 78 36 48 74 50 55 47 27 2B 27 68
78 27 2B 27 36 2B 68 78 36 44 4C 30 42 4B 33 68
78 36 2B 68 27 2B 27 78 36 6C 43 6C 72 48 41 76
68 78 36 2B 68 27 2B 27 78 36 34 47 4F 70 56 4B
68 78 36 2B 68 78 36 55 4E 68 78 36 2B 68 78 36
6D 47 7A 49 44 65 72 61 45 76 6C 70 63 27 2B 27
6B 43 39 45 47 68 78 36 2B 68 78 36 67 49 61 66
39 36 6A 53 6D 53 68 78 36 27 2B 27 2B 68 78 36
4D 68 68 78 36 2B 68 78 36 68 68 78 36 2B 68 78
36 52 66 49 37 32 68 78 36 2B 68 78 36 6F 48 7A
55 6B 44 73 5A 6F 54 35 68 78 36 2B 68 78 36 6E
68 78 36 2B 68 78 36 63 37 4D 44 38 57 33 31 58
71 27 2B 27 4B 68 78 36 2B 68 78 36 64 34 64 62
74 68 78 36 2B 68 78 36 62 74 68 31 52 64 53 69
67 45 61 45 68 78 36 2B 68 78 36 4A 4E 45 52 4D
4C 55 78 56 27 2B 27 68 78 36 2B 68 78 36 4D 45
34 50 4A 74 55 68 78 36 2B 68 78 36 74 53 49 4A
55 5A 66 5A 68 78 36 2B 68 78 36 45 45 68 78 36
2B 68 78 36 41 68 78 36 2B 68 78 36 4A 73 54 64
44 5A 4E 62 68 78 36 2B 68 78 36 30 59 28 67 6E
69 52 54 53 34 68 78 36 2B 68 78 36 36 65 73 68
27 2B 27 78 36 2B 68 78 36 61 42 6D 6F 52 46 3A
3A 5D 74 52 65 76 6E 4F 68 78 36 2B 68 78 36 43
5B 5D 4D 41 65 72 74 73 59 72 4F 6D 65 4D 2E 4F
69 2E 6D 45 54 53 59 73 5B 20 28 4D 61 45 72 68
78 36 2B 68 78 36 74 68 78 36 2B 68 78 36 73 45
74 41 4C 66 65 44 2E 4E 4F 68 78 36 2B 68 78 36
49 73 53 27 2B 27 65 72 50 6D 6F 27 2B 27 63 2E
4F 49 2E 6D 65 68 78 36 2B 68 78 36 54 73 59 53
68 78 36 27 2B 27 2B 68 78 36 20 68 78 36 2B 68
78 36 20 74 43 65 6A 62 4F 2D 57 45 68 78 36 2B
68 78 36 6E 20 28 20 68 78 36 28 28 28 6E 6F 27
2B 27 49 73 73 65 52 70 58 27 2B 27 65 2D 65 6B
6F 76 6E 69 20 61 36 54 2C 68 78 36 2E 68 78 36
2C 68 78 36 52 69 67 68 74 54 6F 4C 45 46 74 68
78 36 20 29 20 52 59 63 66 6F 72 45 61 63 68 7B
5A 54 36 5F 20 7D 29 2B 61 36 54 20 5A 54 36 28
20 73 56 20 68 78 36 6F 46 73 68 78 36 20 68 78
36 20 68 78 36 29 61 36 54 20 29 20 27 29 20 20
2D 63 52 45 70 4C 41 43 45 20 28 5B 63 48 41 72
5D 39 30 2B 5B 63 48 41 72 5D 38 34 2B 5B 63 48
41 72 5D 35 34 29 2C 5B 63 48 41 72 5D 33 36 20
2D 72 45 50 6C 41 63 65 27 61 36 54 27 2C 5B 63
48 41 72 5D 33 34 20 20 2D 72 45 50 6C 41 63 65
20 20 27 52 59 63 27 2C 5B 63 48 41 72 5D 31 32
34 20 2D 63 52 45 70 4C 41 43 45 20 20 28 5B 63
48 41 72 5D 31 30 34 2B 5B 63 48 41 72 5D 31 32
30 2B 5B 63 48 41 72 5D 35 34 29 2C 5B 63 48 41
72 5D 33 39 29 20 7C 2E 20 28 20 24 76 45 52 62
6F 53 45 70 72 65 46 65 52 65 6E 43 65 2E 74 4F
53 74 72 49 4E 47 28 29 5B 31 2C 33 5D 2B 27 78
27 2D 4A 4F 69 6E 27 27 29